0
0
0
0
0
0
0
0
0
0
0
0
1
1
1
1
2
2
3
3
3
3
3
3
5
5
5
8
8
11
17
20
22
27
32
37
38
45
52
57
70
74
84
93
99
108
116
125
133
141
151
161
174
187
193
201
209
220
239
250
261
272
279
288
303
316
327
340
361
376
391
408
425
439
456
476
497
514
535
548
564
579
588
605
617
623
644
658
669
679
696
708
718
727
735
747
762
777
788
797
810
833
854
870
880
889
901
912
943
966
985
994
1002
1012
1035
1051
1067
1086
1110
1129
1147
1159
1173
1185
1212
1227
1249
1262
1283
1306
1327
1345
1372
1383
1398
1412
1427
1445
1456
1477
1485
1498
1518
1534
1551
1571
1590
1605
1616
1629
1650
1673
1693
1709

1725
1738
1764
1788
1819
1852
1879
1897
1922
1951
1970
1992
2011
2044
2068
2089
2116
2144
2184
2207
2244
2271
2293
2318
2354
2403
2451
2492
2527
2557
2605
2656
2710
2761
2811
2846
2877

















